0
1.0
0.13
0.87
1.0
0.96
0.07
0.89
0.38
0.01
0.9
0.73
0.08
0.76
0.76
0.99
0.07
0.99
0.45
0.3
0.09
0.54
0.98
0.19
0.03
0.58
0.6
0.64
1.0
0.96
0.08
0.98
0.69
0.4
0.96
0.18
0.66
0.86
0.09
0.23
0.72
0.29
0.41
0.94
0.06
0.29
0.25
0.78
0.18
0.35
0.39
0.86
0.04
0.02
0.97
0.73
0.18
0.99
0.83
0.15
0.65
0.9
0.28
0.9
0.49
0.25
0.09
0.47
0.87
0.4
0.57
0.83
0.02
0.31
0.72
0.75
0.2
0.27
0.05
0.44
0.15
0.72
0.19
0.06
0.8
0.25
0.37
0.15
0.35
0.96
0.05
0.84
0.98
0.28
1.0
0.25
0.96
0.13
0.97
0.98
0.42
0.63
0.32
1.0
0.23
0.28
0.94
0.99
0.39
0.37
1.0
0.93
0.34
0.24
0.95
0.51
0.35
0.96
0.5
0.13
0.35
0.25
0.93
0.35
0.12
0.11
1.0
0.03
0.2
0.48
0.15
0.22
0.41
0.33
0.76
0.09
0.16
0.28
0.25
0.99
0.22
0.73
0.87
0.22
0.58
0.04
0.33
0.76
0.51
0.34
0.84
0.08
0.32
0.97
0.32
0.11
0.94
0.21
0.89
1.0
0.27
0.72
0.57
0.06
0.4
0.05
0.16
0.02
0.66
0.05
0.09
0.95
0.27
0.08
0.14
0.35
0.17
0.73
0.13
0.22
0.37
0.99
0.74
0.03
0.89
0.07
0.31
0.9
0.38
0.44
0.28
0.96
1.0
0.34
0.14
0.32
0.83
0.92
0.02
0.46
0.06
0.09
0.72
0.13
0.04
0.42
0.45
0.83
0.38
0.12
0.89
0.05
0.58
0.95
0.36
0.52
0.15
0.11
0.13
0.14
0.99
0.14
0.31
1.0
0.69
0.2
0.94
0.99
0.08
0.16
0.61
0.66
0.06
0.44
0.93
0.58
0.36
0.29
0.11
0.22
0.72
0.41
0.29
0.56
0.51
0.25
1.0
0.17
0.96
0.47
0.28
0.23
0.23
0.12
0.29
0.97
0.99
0.12
0.54
0.88
0.12
0.7
0.9
0.34
1.0
0.75
0.12
0.35
0.08
0.25
0.85
0.15
0.77
0.3
0.26
0.03
0.55
0.18
0.99
0.34
0.1
0.11
1.0
0.09
0.98
0.24
0.77
0.96
0.04
0.56
0.9
0.37
0.76
0.96
0.3
0.1
0.19
0.98
0.24
0.89
0.94
0.34
0.62
0.48
0.72
0.05
0.23
0.88
0.18
0.91
0.05
0.12
1.0
0.23
0.11
0.92
0.86
0.89
0.96
0.83
0.78
0.28
1.0
0.64
0.2
0.02
0.2
1.0
0.35
0.05
0.05
0.28
0.53
0.17
0.14
0.45
0.98
0.02
0.49
0.38
0.14
0.13
0.48
0.96
0.77
0.22
0.91
0.83
1.0
0.11
0.99
1.0
0.71
0.49
0.9
0.26
0.98
0.37
0.5
0.99
0.47
0.98
0.03
0.18
0.11
0.03
0.24
0.43
0.11
0.59
0.26
0.13
0.25
0.4
0.05
1.0
0.66
1.0
0.98
0.83
0.57
0.91
0.87
0.1
0.15
0.15
0.15
0.97
0.15
0.24
0.88
1.0
0.97
0.85
0.9
0.97
0.94
1.0
0.99
0.89
0.98
0.97
1.0
0.21
0.99
0.48
0.32
0.96
0.87
0.23
0.39
0.08
0.2
0.7
0.99
0.1
0.01
0.12
0.34
0.91
0.99
0.31
0.48
0.79
0.97
0.9
0.07
0.89
0.06
0.77
0.91
0.24
0.08
0.06
0.99
0.2
0.9
0.87
0.56
0.19
0.75
0.09
0.94
1.0
0.27
0.27
0.95
0.89
0.8
0.08
0.31
0.38
0.76
0.11
0.02
0.95
0.68
0.13
0.1
0.1
0.98
0.33
0.92
0.15
0.83
0.64
0.07
0.31
0.11
0.68
0.16
1.0
1.0
0.68
0.95
0.11
0.17
0.05
0.98
0.07
0.99
0.4
0.08
0.08
0.87
1.0
0.34
1.0
0.99
0.16
0.99
0.1
0.7
0.19
0.15
0.05
0.69
0.16
0.54
0.96
0.68
0.28
0.39
0.54
0.93
0.8
1.0
0.66
0.1
0.48
0.17
0.09
0.94
0.5
0.17
0.58
0.31
0.89
0.27
0.92
0.95
0.21
0.46
0.68
0.28
0.2
0.78
0.86
0.53
0.31
0.18
0.2
0.12
0.09
0.11
0.74
0.99
0.69
0.1
0.07
0.08
0.24
0.9
0.31
0.5
0.92
1.0
0.96
0.65
0.95
0.92
0.98
0.94
0.35
0.98
0.94
0.93
0.09
0.25
0.86
0.36
1.0
0.35
0.98
0.3
0.93
0.19
0.25
0.17
0.27
0.22
0.16
0.35
0.09
0.99
0.96
0.81
0.48
0.01
0.27
0.09
0.36
0.29
0.14
0.76
0.29
0.03
0.11
0.47
0.99
0.79
0.86
0.92
0.16
0.29
1.0
1.0
0.41
0.39
0.04
0.12
0.32
0.19
0.09
0.93
1.0
0.66
0.32
0.09
0.27
0.21
0.19
0.1
0.98
0.2
0.13
0.95
0.9
0.56
0.28
0.0
0.26
0.98
0.53
0.93
0.98
0.01
0.38
0.93
0.16
0.09
0.12
0.9
0.2
0.12
0.19
0.99
0.99
0.89
0.03
0.99
0.43
0.72
0.47
0.94
0.55
0.41
0.16
1.0
0.37
0.59
0.03
0.21
0.67
0.44
0.09
0.98
0.1
0.83
0.11
0.28
0.82
0.9
0.94
0.09
1.0
0.06
0.22
0.07
0.11
0.4
0.53
0.7
0.2
0.85
0.13
0.93
0.45
0.39
0.17
0.15
0.22
0.11
0.99
1.0
0.43
0.07
0.27
1.0
0.82
0.01
0.48
1.0
0.98
0.21
0.08
0.19
0.26
0.33
0.08
0.32
0.24
0.21
0.23
0.16
0.11
0.8
0.06
0.38
0.94
0.18
0.99
0.47
0.92
0.99
0.09
0.18
0.27
0.94
0.28
0.08
0.24
0.24
0.71
0.24
0.14
0.18
0.88
0.97
0.18
0.08
0.75
0.52
0.24
0.8
0.12
0.99
0.42
0.79
0.58
0.31
1.0
0.65
0.24
0.11
0.82
0.01
0.73
0.05
0.94
1.0
0.15
0.08
0.39
0.47
1.0
0.21
0.42
0.77
0.79
0.42
0.98
0.17
0.97
0.6
0.45
0.6
0.56
0.56
0.36
0.32
0.87
0.13
0.85
0.03
0.09
0.02
0.37
0.19
0.99
0.11
0.27
0.95
0.47
0.79
0.99
0.95
0.38
0.92
0.38
0.31
1.0
0.87
0.29
0.96
0.08
0.28
0.93
0.19
0.25
1.0
0.99
0.93
0.11
0.07
0.3
0.25
0.23
0.86
0.1
0.43
0.95
0.12
0.99
0.13
0.46
0.47
0.97
0.15
0.96
0.88
0.38
0.99
0.99
0.88
1.0
0.99
0.99
0.61
0.95
0.91
0.16
0.28
0.98
0.11
0.25
0.7
0.1
0.24
0.23
0.23
0.55
0.32
0.21
0.49
0.37
0.23
0.2
0.4
0.94
0.18
0.31
0.26
0.97
0.04
0.92
0.44
0.03
0.12
0.08
0.13
0.98
0.34
0.87
0.9
0.33
0.28
0.21
0.1
0.99
0.75
0.98
0.15
0.96
0.92
0.18
0.36
0.65
0.05
0.27
0.93
0.88
0.94
0.26
0.18
0.98
0.86
0.99
0.99
0.25
0.19
0.24
0.26
0.25
0.09
0.09
0.07
0.7
0.45
0.38
1.0
0.09
0.72
0.9
0.7
0.98
0.99
0.14
0.43
0.22
0.27
0.43
1.0
0.12
0.13
0.47
0.47
0.92
0.86
0.21
0.08
0.62
0.43
0.21
0.25
0.3
0.72
0.32
0.72
0.42
0.47
0.16
0.29
0.96
0.96
0.1
1.0
0.93
0.95
0.9
0.57
0.01
0.29
0.13
1.0
0.98
0.99
0.18
0.94
0.29
0.4
0.48
0.45
0.26
0.97
0.91
1.0
0.27
0.59
0.15
0.21
0.05
0.84
0.55
0.11
0.06
0.46
0.83
0.36
0.14
0.96
0.15
0.11
0.09
0.98
0.78
0.02
0.08
0.38
0.02
0.47
0.96
0.95
0.16
0.98
0.74
0.98
1.0
0.97
0.99
0.95
0.48
1.0
1.0
0.98
0.99
1.0
0.36
1.0
1.0
0.93
0.98
1.0
0.93
0.75
1.0
0.98
0.53
0.19
1.0
0.99
0.98
1.0
0.97
1.0
0.89
0.95
1.0
0.96
0.98
0.69
0.98
0.99
0.96
0.92
1.0
0.39
0.99
0.94
0.1
0.94
1.0
1.0
0.97
0.88
0.25
0.98
0.87
0.84
1.0
0.99
0.97
0.06
0.97
1.0
0.99
0.96
0.77
0.92
0.97
1.0
0.95
0.9
0.36
1.0
0.9
0.97
1.0
0.99
0.77
1.0
0.99
1.0
0.54
0.69
0.86
0.96
0.95
1.0
0.94
0.55
0.75
1.0
0.97
0.91
0.83
0.99
0.98
0.89
0.99
0.89
0.9
0.98
0.98
0.97
1.0
0.98
1.0
0.88
1.0
1.0
0.61
1.0
0.97
1.0
0.99
0.98
1.0
0.25
0.99
1.0
0.54
0.97
1.0
0.96
0.49
0.98
0.99
0.73
0.92
0.97
0.93
1.0
0.99
0.93
0.98
0.99
0.96
1.0
0.09
1.0
0.97
1.0
0.99
0.99
1.0
1.0
0.65
0.99
0.99
0.93
0.99
0.06
0.74
1.0
0.98
0.95
0.76
0.94
0.92
0.94
0.82
1.0
0.38
1.0
0.98
0.99
1.0
0.86
0.73
0.63
0.99
0.99
1.0
0.96
0.94
0.98
0.99
0.97
1.0
0.79
0.99
0.99
1.0
0.98
1.0
0.9
0.83
0.96
0.98
0.99
0.92
0.98
1.0
0.19
0.62
0.69
0.94
0.99
0.71
0.98
0.97
0.97
1.0
0.92
0.98
0.96
0.92
0.98
1.0
0.98
0.27
1.0
0.91
1.0
0.97
1.0
0.92
0.99
0.99
1.0
0.94
1.0
0.85
0.9
0.98
1.0
0.93
0.37
0.91
0.82
0.89
0.97
0.82
0.98
0.95
1.0
0.94
0.83
0.95
1.0
0.99
0.98
0.97
0.53
0.83
0.99
0.97
0.9
0.99
1.0
0.96
0.19
1.0
0.99
0.89
0.99
0.72
0.93
1.0
0.85
0.94
0.99
0.75
0.99
0.86
0.93
0.93
0.8
0.92
0.69
0.91
1.0
0.97
0.98
0.99
0.95
0.96
0.1
0.59
0.99
0.68
1.0
0.96
0.29
0.55
0.94
0.99
1.0
0.98
0.83
0.99
0.94
0.98
1.0
1.0
1.0
0.52
0.99
0.93
0.92
1.0
0.99
1.0
0.99
0.84
0.66
0.91
0.11
0.98
1.0
0.95
0.77
0.89
1.0
0.89
0.96
0.99
0.97
0.98
0.98
0.13
1.0
0.47
0.93
0.81
0.96
0.99
0.97
0.95
0.96
1.0
1.0
0.99
0.99
0.98
0.99
0.78
1.0
0.98
0.33
1.0
0.96
0.21
0.99
0.85
0.82
1.0
0.99
0.98
1.0
0.95
0.99
0.97
0.85
0.95
0.86
0.97
0.97
0.89
1.0
0.98
1.0
0.99
0.96
0.96
0.31
0.37
0.94
1.0
0.48
0.93
0.95
0.98
0.99
0.9
0.88
1.0
1.0
0.96
1.0
0.99
0.95
0.95
0.94
0.9
0.79
0.98
1.0
0.88
0.96
0.95
0.92
1.0
0.99
0.99
0.96
1.0
0.97
0.99
1.0
0.59
0.78
0.85
0.99
0.98
1.0
0.99
0.87
1.0
0.99
0.97
0.79
0.85
0.95
0.93
0.95
1.0
0.99
0.99
0.94
0.98
0.91
0.56
0.98
0.96
0.91
0.84
0.99
0.98
0.98
0.91
0.93
1.0
0.89
1.0
0.86
0.84
1.0
0.96
0.99
0.95
0.99
0.72
1.0
0.95
0.94
0.97
0.75
0.7
0.93
0.96
0.97
0.97
1.0
0.45
0.93
0.98
0.93
0.9
0.99
0.98
1.0
0.67
0.93
1.0
0.95
1.0
1.0
0.98
0.98
1.0
0.99
0.98
0.85
0.18
0.98
0.88
0.9
0.98
1.0
0.98
0.97
0.99
0.96
1.0
0.91
0.92
0.98
1.0
1.0
0.84
1.0
0.76
0.96
0.6
1.0
1.0
1.0
1.0
0.4
0.67
0.93
0.89
1.0
0.98
0.98
0.97
0.97
0.88
0.49
0.97
0.75
0.83
0.99
0.99
0.95
0.96
0.89
0.98
0.87
0.21
0.78
0.99
0.91
1.0
0.71
0.32
0.99
0.48
0.29
1.0
0.88
0.64
0.85
0.98
0.99
0.99
0.99
0.99
0.97
0.87
0.81
0.26
1.0
0.98
0.94
0.82
0.91
0.89
0.94
0.59
0.95
0.88
0.87
1.0
1.0
0.91
0.99
0.99
0.92
0.99
0.56
0.93
0.99
0.97
0.95
0.97
0.83
0.61
1.0
0.98
0.81
1.0
1.0
0.98
0.99
0.7
0.95
0.99
0.97
0.44
0.99
0.93
1.0
0.92
1.0
0.94
1.0
0.99
0.94
0.98
0.9
0.95
0.82
1.0
0.64
0.61
0.92
1.0
0.98
0.91
0.95
0.99
1.0
0.99
0.96
0.99
0.59
0.94
0.81
0.96
0.83
1.0
0.98
1.0
0.8
0.93
1.0
0.97
0.93
0.58
0.33
0.88
0.84
0.79
0.93
0.8
0.51
0.98
0.87
0.93
0.05
0.9
0.96
0.94
0.96
0.98
0.78
0.94
0.81
1.0
1.0
0.96
0.98
0.96
0.96
0.96
0.99
0.93
0.99
0.99
0.94
0.91
1.0
0.96
0.85
1.0
1.0
1.0
1.0
1.0
0.97
0.86
0.97
1.0
0.97
0.25
0.91
0.87
1.0
1.0
0.64
0.92
0.97
0.14
0.87
0.93
0.95
0.83
0.92
0.9
0.11
0.97
0.96
0.93
0.99
0.94
1.0
0.34
0.12
1.0
1.0
0.9
0.97
0.96
0.98
0.63
0.99
0.99
0.66
0.96
0.66
0.92
0.92
0.97
0.99
0.91
0.99
0.04
0.87
0.9
0.99
0.98
1.0
0.97
0.92
0.77
0.29
1.0
1.0
1.0
0.99
0.99
0.98
0.97
0.98
1.0
0.66
1.0
0.96
0.92
1.0
1.0
0.05
1.0
0.98
0.99
0.97
0.99
1.0
0.99
0.67
0.98
0.92
0.74
0.77
1.0
1.0
0.77
0.04
0.76
0.93
0.94
0.99
0.88
0.19
0.98
1.0
1.0
0.02
0.98
0.93
0.98
0.15
0.57
0.99
0.96
0.99
0.97
0.26
0.85
0.95
1.0
1.0
0.96
0.97
1.0
0.65
1.0
0.72
1.0
0.81
1.0
0.9
0.95
1.0
0.99
0.99
0.98
0.97
1.0
0.99
1.0
0.98
1.0
0.99
0.98
0.83
0.99
0.9
0.94
1.0
1.0
0.95
0.95
0.98
0.93
0.96
1.0
1.0
0.91
0.91
1.0
0.89
0.99
0.87
0.96
0.91
0.99
1.0
0.96
0.92
0.35
0.85
0.96
0.9
0.92
0.64
0.98
0.79
0.89
1.0
0.99
0.89
1.0
0.98
0.98
0.39
0.96
0.97
1.0
0.99
0.93
1.0
0.89
0.45
0.98
0.84
0.63
0.79
0.93
1.0
0.38
1.0
0.97
1.0
0.48
1.0
0.99
0.96
0.99
1.0
0.85
0.98
0.97
1.0
0.99
1.0
0.99
0.98
0.99
0.99
0.93
1.0
0.97
1.0
0.76
0.88
0.98
0.99
0.9
1.0
1.0
0.88
1.0
0.94
1.0
0.99
0.63
1.0
0.46
0.99
0.98
0.79
0.97
0.75
0.71
1.0
0.84
0.07
0.93
0.4
0.89
0.98
0.95
0.83
1.0
0.98
0.85
0.94
0.97
0.96
0.42
1.0
0.28
1.0
1.0
0.91
0.99
0.66
0.21
0.95
0.35
0.92
1.0
0.93
0.66
0.86
0.93
0.13
1.0
0.94
0.98
1.0
0.94
0.95
0.9
1.0
0.97
1.0
0.74
0.98
0.29
1.0
0.92
1.0
0.95
0.96
0.99
0.58
0.93
0.97
0.37
1.0
0.99
0.96
1.0
0.74
0.98
1.0
0.97
1.0
0.97
0.98
0.98
0.4
0.99
0.27
0.99
0.97
0.99
0.96
1.0
0.99
0.99
0.95
0.96
1.0
0.92
1.0
0.98
0.98
